 1.0 0.0 0.0 41.66666667 0.0 0.0 0.0 0.0 0.0 0.0 0.0 0.0 0.0 7.0 0.0 3000.0 3048.666667 3.048666667 
 2.0 0.0 0.0 41.66666667 0.0 0.0 0.0 0.0 0.0 0.0 0.0 0.0 0.0 7.0 0.0 3000.0 3048.666667 3.048666667 
 3.0 0.0 0.0 41.66666667 0.0 0.0 0.0 0.0 0.0 0.0 0.0 0.0 0.0 7.0 0.0 3000.0 3048.666667 3.048666667 
 4.0 0.0 0.0 41.66666667 0.0 0.0 0.0 0.0 0.0 0.0 0.0 0.0 0.0 7.0 0.0 3000.0 3048.666667 3.048666667 
 5.0 0.0 0.0 41.66666667 0.0 0.0 0.0 0.0 0.0 0.0 0.0 0.0 0.0 7.0 0.0 3000.0 3048.666667 3.048666667 
 6.0 40.0 375.0 41.66666667 0.0 0.0 0.0 0.0 0.0 0.0 0.0 0.0 0.0 7.0 0.0 3000.0 3463.666667 3.463666667 
 7.0 0.0 0.0 41.66666667 500.0 212.5 250.0 0.0 0.0 0.0 0.0 0.0 0.0 7.0 150.0 0 1161.1666670000004 4.161166667 
 8.0 0.0 0.0 41.66666667 0.0 0.0 0.0 0.0 0.0 0.0 0.0 0.0 0.0 7.0 0.0 15000.0 48.66666667 0.048666667 
 9.0 0.0 0.0 41.66666667 0.0 0.0 0.0 0.0 0.0 0.0 0.0 0.0 0.0 7.0 0.0 0.0 48.66666667 0.048666667 
 10.0 0.0 0.0 41.66666667 0.0 0.0 0.0 0.0 0.0 0.0 0.0 0.0 0.0 7.0 0.0 0.0 48.66666667 0.048666667 
 11.0 0.0 0.0 41.66666667 0.0 0.0 0.0 0.0 0.0 0.0 0.0 0.0 0.0 7.0 0.0 0.0 48.66666667 0.048666667 
 12.0 0.0 0.0 41.66666667 0.0 0.0 0.0 0.0 0.0 0.0 0.0 0.0 0.0 7.0 0.0 0.0 48.66666667 0.048666667 
 13.0 0.0 0.0 41.66666667 0.0 0.0 0.0 0.0 0.0 0.0 0.0 0.0 0.0 7.0 0.0 0.0 48.66666667 0.048666667 
 14.0 0.0 0.0 41.66666667 0.0 0.0 0.0 0.0 0.0 0.0 0.0 0.0 0.0 7.0 0.0 0.0 48.66666667 0.048666667 
 15.0 0.0 0.0 41.66666667 0.0 0.0 0.0 0.0 0.0 0.0 0.0 0.0 0.0 7.0 0.0 0.0 48.66666667 0.048666667 
 16.0 0.0 0.0 41.66666667 0.0 0.0 0.0 0.0 0.0 0.0 0.0 0.0 0.0 7.0 0.0 3000.0 3048.666667 3.048666667 
 17.0 40.0 0.0 41.66666667 0.0 0.0 0.0 1200.0 0.0 0.0 0.0 0.0 0.0 7.0 150.0 0 1438.6666670000004 4.438666667 
 18.0 40.0 0.0 41.66666667 0.0 0.0 0.0 0.0 800.0 0.0 0.0 0.0 0.0 7.0 150.0 0 1038.666667 4.038666667 
 19.0 40.0 0.0 41.66666667 0.0 0.0 0.0 0.0 0.0 0.0 3000.0 0.0 0.0 7.0 150.0 0 3238.6666670000004 6.238666667 
 20.0 40.0 0.0 41.66666667 0.0 0.0 0.0 0.0 0.0 0.0 0.0 0.0 900.0 7.0 150.0 0 1138.6666670000004 4.138666667 
 21.0 120.0 0.0 41.66666667 0.0 0.0 0.0 0.0 0.0 0.0 0.0 0.0 0.0 7.0 150.0 3000.0 3318.666667 3.318666667 
 22.0 120.0 0.0 41.66666667 0.0 0.0 0.0 0.0 0.0 0.0 0.0 0.0 0.0 7.0 150.0 3000.0 3318.666667 3.318666667 
 23.0 120.0 0.0 41.66666667 0.0 0.0 0.0 0.0 0.0 0.0 0.0 0.0 0.0 7.0 150.0 3000.0 3318.666667 3.318666667 
 24.0 0.0 0.0 41.66666667 0.0 0.0 0.0 0.0 0.0 0.0 0.0 0.0 0.0 7.0 0.0 3000.0 3048.666667 3.048666667 
