 1.0 0.0 0.0 41.66666667 0.0 0.0 0.0 0.0 0.0 0.0 0.0 0.0 0.0 7.0 0.0 3000.0 3048.666667 3.048666667 
 2.0 0.0 0.0 41.66666667 0.0 0.0 0.0 0.0 0.0 0.0 0.0 0.0 0.0 7.0 0.0 3000.0 3048.666667 3.048666667 
 3.0 0.0 0.0 41.66666667 0.0 0.0 0.0 0.0 0.0 0.0 0.0 0.0 0.0 7.0 0.0 3000.0 3048.666667 3.048666667 
 4.0 0.0 0.0 41.66666667 0.0 0.0 0.0 0.0 0.0 0.0 0.0 0.0 0.0 7.0 0.0 3000.0 3048.666667 3.048666667 
 5.0 0.0 0.0 41.66666667 0.0 0.0 0.0 0.0 0.0 0.0 0.0 0.0 0.0 7.0 0.0 3000.0 3048.666667 3.048666667 
 6.0 40.0 0.0 41.66666667 0.0 0.0 0.0 0.0 0.0 0.0 0.0 0.0 0.0 7.0 0.0 3000.0 3088.666667 3.088666667 
 7.0 0.0 0.0 41.66666667 500.0 212.5 250.0 0.0 0.0 0.0 0.0 0.0 0.0 7.0 3000.0 0 1011.166667 4.011166667 
 8.0 0.0 0.0 41.66666667 0.0 0.0 0.0 0.0 0.0 0.0 0.0 0.0 0.0 7.0 0.0 3000.0 48.66666667 0.048666667 
 9.0 0.0 0.0 41.66666667 0.0 0.0 0.0 0.0 0.0 0.0 0.0 0.0 0.0 7.0 0.0 0.0 48.66666667 0.048666667 
 10.0 0.0 0.0 41.66666667 0.0 0.0 0.0 0.0 0.0 0.0 0.0 0.0 0.0 7.0 0.0 0.0 48.66666667 0.048666667 
 11.0 0.0 0.0 41.66666667 0.0 0.0 0.0 0.0 0.0 0.0 0.0 0.0 0.0 7.0 0.0 0.0 48.66666667 0.048666667 
 12.0 0.0 0.0 41.66666667 0.0 0.0 0.0 0.0 0.0 0.0 0.0 0.0 0.0 7.0 0.0 0.0 48.66666667 0.048666667 
 13.0 0.0 0.0 41.66666667 0.0 0.0 0.0 0.0 0.0 0.0 0.0 0.0 0.0 7.0 0.0 0.0 48.66666667 0.048666667 
 14.0 0.0 0.0 41.66666667 0.0 0.0 0.0 0.0 0.0 0.0 0.0 0.0 0.0 7.0 0.0 0.0 48.66666667 0.048666667 
 15.0 0.0 0.0 41.66666667 0.0 0.0 0.0 0.0 0.0 0.0 0.0 0.0 0.0 7.0 0.0 0.0 48.66666667 0.048666667 
 16.0 0.0 0.0 41.66666667 0.0 0.0 0.0 0.0 0.0 0.0 0.0 0.0 0.0 7.0 0.0 3000.0 3048.666667 3.048666667 
 17.0 40.0 0.0 41.66666667 0.0 0.0 0.0 1200.0 0.0 0.0 0.0 0.0 0.0 7.0 0.0 0 1288.6666670000004 4.288666667 
 18.0 40.0 0.0 41.66666667 0.0 0.0 0.0 0.0 0.0 0.0 0.0 0.0 0.0 7.0 0.0 3000.0 3088.666667 3.088666667 
 19.0 40.0 0.0 41.66666667 0.0 0.0 0.0 0.0 0.0 0.0 0.0 0.0 0.0 7.0 0.0 3000.0 3088.666667 3.088666667 
 20.0 40.0 0.0 41.66666667 0.0 0.0 0.0 0.0 0.0 0.0 0.0 0.0 900.0 7.0 0.0 3000.0 3988.666667 3.988666667 
 21.0 120.0 0.0 41.66666667 0.0 0.0 0.0 0.0 0.0 0.0 0.0 0.0 0.0 7.0 0.0 3000.0 3168.666667 3.168666667 
 22.0 120.0 0.0 41.66666667 0.0 0.0 0.0 0.0 0.0 0.0 0.0 0.0 0.0 7.0 0.0 3000.0 3168.666667 3.168666667 
 23.0 120.0 0.0 41.66666667 0.0 0.0 0.0 0.0 0.0 0.0 0.0 0.0 0.0 7.0 0.0 3000.0 3168.666667 3.168666667 
 24.0 0.0 0.0 41.66666667 0.0 0.0 0.0 0.0 0.0 0.0 0.0 0.0 0.0 7.0 0 3048.6666669999995 3.048666667 
