 1.0 0.0 0.0 41.66666667 0.0 0.0 0.0 0.0 0.0 0.0 0.0 0.0 0.0 7.0 0.0 0.0 48.66666667 0.048666667 
 2.0 0.0 0.0 41.66666667 0.0 0.0 0.0 0.0 0.0 0.0 0.0 0.0 0.0 7.0 0.0 0.0 48.66666667 0.048666667 
 3.0 0.0 0.0 41.66666667 0.0 0.0 0.0 0.0 0.0 0.0 0.0 0.0 0.0 7.0 0.0 0.0 48.66666667 0.048666667 
 4.0 0.0 0.0 41.66666667 0.0 0.0 0.0 0.0 0.0 0.0 0.0 0.0 0.0 7.0 0.0 0.0 48.66666667 0.048666667 
 5.0 0.0 0.0 41.66666667 0.0 0.0 0.0 0.0 0.0 0.0 0.0 0.0 0.0 7.0 0.0 0.0 48.66666667 0.048666667 
 6.0 0.0 375.0 41.66666667 0.0 0.0 0.0 0.0 0.0 0.0 0.0 0.0 0.0 7.0 0.0 0.0 423.6666667 0.423666667 
 7.0 0.0 0.0 41.66666667 0.0 0.0 0.0 0.0 0.0 0.0 0.0 0.0 0.0 7.0 0.0 0.0 48.66666667 0.048666667 
 8.0 0.0 0.0 41.66666667 0.0 0.0 0.0 0.0 0.0 0.0 0.0 0.0 0.0 7.0 0.0 0.0 48.66666667 0.048666667 
 9.0 0.0 0.0 41.66666667 0.0 0.0 0.0 0.0 0.0 0.0 0.0 0.0 0.0 7.0 0.0 0.0 48.66666667 0.048666667 
 10.0 0.0 0.0 41.66666667 0.0 0.0 0.0 0.0 0.0 0.0 0.0 0.0 0.0 7.0 0.0 0.0 48.66666667 0.048666667 
 11.0 0.0 0.0 41.66666667 0.0 0.0 0.0 0.0 0.0 0.0 0.0 0.0 0.0 7.0 0.0 0.0 48.66666667 0.048666667 
 12.0 0.0 0.0 41.66666667 0.0 0.0 0.0 0.0 0.0 0.0 0.0 0.0 0.0 7.0 0.0 0.0 48.66666667 0.048666667 
 13.0 0.0 0.0 41.66666667 0.0 0.0 0.0 0.0 0.0 0.0 0.0 0.0 0.0 7.0 0.0 0.0 48.66666667 0.048666667 
 14.0 0.0 0.0 41.66666667 0.0 0.0 0.0 0.0 0.0 0.0 0.0 0.0 0.0 7.0 0.0 0.0 48.66666667 0.048666667 
 15.0 0.0 0.0 41.66666667 0.0 0.0 0.0 0.0 0.0 0.0 0.0 0.0 0.0 7.0 0.0 0.0 48.66666667 0.048666667 
 16.0 0.0 0.0 41.66666667 0.0 0.0 0.0 0.0 0.0 0.0 0.0 0.0 0.0 7.0 0.0 0.0 48.66666667 0.048666667 
 17.0 0.0 0.0 41.66666667 0.0 0.0 0.0 1200.0 0.0 0.0 0.0 0.0 0.0 7.0 0.0 0.0 1248.666667 1.248666667 
 18.0 0.0 0.0 41.66666667 0.0 0.0 0.0 0.0 0.0 0.0 0.0 0.0 0.0 7.0 0.0 0.0 48.66666667 0.048666667 
 19.0 0.0 0.0 41.66666667 0.0 0.0 0.0 0.0 0.0 0.0 0.0 0.0 0.0 7.0 0.0 0.0 48.66666667 0.048666667 
 20.0 0.0 0.0 41.66666667 0.0 0.0 0.0 0.0 0.0 0.0 0.0 1000.0 900.0 7.0 0.0 0.0 1948.666667 1.948666667 
 21.0 0.0 0.0 41.66666667 0.0 0.0 0.0 0.0 0.0 0.0 0.0 0.0 0.0 7.0 0.0 0.0 48.66666667 0.048666667 
 22.0 0.0 0.0 41.66666667 0.0 0.0 0.0 0.0 0.0 0.0 0.0 0.0 0.0 7.0 0.0 0.0 48.66666667 0.048666667 
 23.0 0.0 0.0 41.66666667 0.0 0.0 0.0 0.0 0.0 0.0 0.0 0.0 0.0 7.0 0.0 0.0 48.66666667 0.048666667 
 24.0 0.0 0.0 41.66666667 0.0 0.0 0.0 0.0 0.0 0.0 0.0 0.0 0.0 7.0 0.0 0.0 48.66666667 0.048666667 
